S:10,D:20
1. 1(53),3(54),6(8),7(21),8(33),9(25),13(49),19(48),26(46),28(39),31(44),33(53),34(54),35(48),38(39),39(45),40(22),41(24),47(7),48(53),49(8)
2. 1(26),2(10),7(42),8(21),9(49),12(15),16(3),19(46),20(10),21(42),23(46),25(26),32(31),33(54),34(14),36(13),38(23),40(37),42(36),44(31),47(38),48(52),49(26),50(49),51(51),52(31),54(10)
3. 9(20),10(55),14(4),16(51),17(48),18(2),19(20),22(4),28(9),29(47),36(41),48(53),51(5),52(46),55(35)
4. 10(30),11(20),13(27),16(42),19(54),30(26),32(18),34(14),39(31),40(47),43(11),45(53),52(40)
5. 1(28),4(38),5(14),9(49),10(13),16(46),20(44),22(48),23(27),24(40),27(42),30(50),31(30),34(51),37(1),38(49),44(19),45(3),47(17),52(46)
6. 2(7),4(24),5(51),6(2),10(6),13(2),14(11),16(12),25(33),26(31),29(22),33(3),34(1),36(45),38(1),40(20),42(19),43(32),45(43),47(55),49(21),54(19),55(29)
7. 2(26),4(40),7(8),12(17),16(55),17(5),18(41),20(47),23(45),25(27),30(33),36(23),37(12),44(31),45(22),49(13),51(21),54(18)
8. 3(16),5(17),9(9),11(55),12(28),14(29),25(1),30(35),32(4),33(15),35(18),36(25),39(41),41(53),48(36),49(40),50(19),51(5),52(41)
9. 11(36),15(14),17(10),19(11),26(47),29(44),30(43),33(33),35(18),47(41),51(6),52(51),55(51)
10. 1(54),10(36),11(19),13(44),14(21),16(55),18(4),19(14),20(46),21(51),23(18),25(26),31(50),40(50),48(50)
11. 2(24),3(3),4(16),9(33),10(16),12(28),14(51),23(27),27(15),30(34),32(16),35(8),40(5),47(25),52(14)
12. 2(22),3(16),4(32),8(19),11(11),15(46),16(39),17(20),21(7),26(49),28(43),29(16),36(4),40(20),42(34),45(18),48(11),51(3),54(18),55(29) mustpass
13. 4(13),5(22),11(53),17(30),18(48),19(18),23(55),26(49),27(22),28(51),29(19),30(49),32(38),33(55),34(12),38(46),43(55),45(32),55(49)
14. 2(17),4(15),8(24),10(21),12(11),15(17),16(55),17(12),18(19),21(30),22(21),31(36),36(48),37(34),39(21),42(40),43(23),46(48),51(22),53(53),55(3) mustpass
15. 3(46),4(48),5(7),7(45),9(15),22(4),23(53),27(13),28(12),29(11),30(54),31(35),32(3),38(2),40(31),46(14),48(54),49(53),50(46),52(9),53(31),55(3)
16. 4(15),5(4),6(5),8(14),13(55),17(13),20(18),22(7),26(33),28(12),30(2),31(7),33(44),36(15),37(24),38(50),46(7),47(8),53(45)
17. 1(4),2(45),6(42),7(47),8(16),13(7),19(6),22(3),23(49),25(32),29(1),32(14),34(28),35(15),37(35),41(28),42(44),43(32),44(2),46(31),47(35),51(22),52(42),54(29)
18. 5(27),6(8),8(42),11(18),12(1),13(2),17(43),18(16),22(50),25(37),27(36),29(53),32(43),35(43),37(31),39(44),40(13),47(43),52(3) mustpass
19. 1(19),8(28),9(18),10(35),11(24),15(31),16(54),18(3),19(40),24(3),30(36),36(51),38(38),39(23),41(29),42(23),45(30),47(12),51(5),52(16)
20. 3(21),8(52),16(39),21(48),23(43),26(20),28(18),30(28),37(17),39(42),43(31),46(22),49(39),51(9),52(50),53(12)
21. 2(23),5(26),9(11),11(2),15(30),22(1),24(35),25(37),26(27),28(34),31(29),32(33),34(29),35(33),36(43),37(50),39(43),40(27),43(30),45(2),46(29),50(52),55(11)
22. 2(46),6(41),7(17),8(16),9(27),10(30),11(14),15(41),17(50),18(23),23(26),24(43),25(36),29(29),30(6),41(43),44(30),47(43),50(31),54(45),55(45)
23. 7(43),9(35),18(20),19(55),22(51),23(54),27(33),28(50),34(48),35(13),36(50),37(55),38(32),39(46),40(30),41(39),42(26),44(26),45(39),51(14),53(17)
24. 1(9),3(33),7(48),13(42),14(53),15(25),16(11),18(43),19(8),22(16),25(54),28(14),30(11),33(39),34(52),38(30),43(25),45(21),47(46),50(21),54(7)
25. 1(24),3(24),4(43),5(38),8(30),10(30),11(18),13(44),15(41),20(32),21(47),22(43),26(44),27(1),29(41),32(44),38(6),44(47),45(40),52(25)
26. 5(22),6(38),7(50),8(33),11(50),12(47),18(11),20(15),26(5),27(39),28(4),30(9),37(2),41(39),45(33),47(50),49(3),51(40)
27. 3(25),4(3),5(16),6(43),12(53),14(2),21(39),22(17),23(4),25(6),33(11),35(45),41(26),45(24),47(9),48(14),49(54),52(30),54(28)
28. 3(26),6(34),9(20),16(40),17(2),18(40),20(54),21(45),27(15),28(35),29(29),35(55),37(42),46(12),50(13),52(5)
29. 1(43),2(32),3(1),4(18),6(2),7(1),8(17),9(3),16(49),18(42),20(34),21(15),22(49),24(32),25(11),26(2),27(13),31(8),41(7),47(6),55(39)
30. 2(46),4(32),7(54),10(55),11(9),14(13),17(46),18(55),19(12),25(48),34(50),37(43),40(46),41(54),42(46),47(17),48(14),51(10),52(49),53(9),54(31),55(35)
31. 1(23),3(24),5(2),6(51),7(11),8(52),11(31),13(48),14(33),20(3),25(55),27(43),28(47),32(35),40(49),41(23),43(33),44(29),46(13),48(14),53(42)
32. 1(26),13(6),15(15),18(39),19(25),27(36),28(28),30(38),31(43),34(22),44(3),49(19),51(28),52(38),53(30)
33. 2(40),6(35),14(27),18(12),19(38),21(15),24(34),25(20),28(48),34(31),35(17),36(31),37(25),40(34),48(36),50(21),54(8)
34. 1(50),6(48),13(35),25(40),27(29),29(18),41(6),42(22),45(36),46(27),47(43),50(42),55(39)
35. 2(36),5(4),7(36),8(23),9(1),12(40),16(18),19(15),20(14),21(18),22(14),25(43),26(32),27(21),29(55),31(28),35(27),39(48),40(39),41(33),46(41),47(2),48(54),51(44)
36. 1(19),8(16),10(40),13(38),17(33),22(17),25(45),28(15),32(4),35(33),37(30),38(25),39(31),40(18),41(20),42(49),44(24),46(22),48(13),49(40)
37. 1(52),2(44),6(33),8(13),9(26),10(1),14(23),15(14),19(10),20(33),27(39),29(49),30(9),32(54),33(40),34(44),44(51),45(41),46(28),48(30),49(52),51(49),52(41)
38. 3(51),7(47),12(2),13(4),17(55),22(14),25(26),26(22),28(11),32(23),35(44),41(19),42(20),43(20),49(15),51(36),55(17)
39. 1(33),6(19),7(44),9(5),10(48),13(4),14(42),18(4),24(33),25(26),28(28),29(46),30(10),31(33),32(38),45(19),46(41),51(20),52(42),53(5),55(25)
40. 3(26),6(44),11(23),12(31),15(40),23(43),25(18),26(38),29(43),32(43),35(41),39(41),43(55),48(39),51(40),52(15),54(52),55(47)
41. 7(36),13(48),18(29),19(54),22(25),24(21),26(10),28(37),30(6),32(16),33(40),35(28),36(21),45(29),49(44),50(51),51(7)
42. 2(54),5(29),9(45),11(19),12(43),15(26),16(15),17(3),22(12),23(38),24(5),30(28),31(34),39(51),43(12),46(23),47(16),53(22),54(3)
43. 3(25),8(15),10(50),11(25),14(8),17(21),18(39),21(26),23(4),24(44),26(8),29(22),33(35),34(50),35(5),40(33),41(4),42(30),49(47),54(21)
44. 1(11),2(46),3(5),4(1),6(15),8(13),10(47),12(9),15(8),16(55),17(11),19(25),21(18),22(26),28(11),29(19),32(50),34(40),38(53),46(11),50(18),53(55)
45. 14(52),21(22),23(24),27(17),38(20),40(13),41(35),42(19),44(16),47(18),49(28),52(12),53(52),54(30),55(20)
46. 3(25),4(16),15(46),17(34),22(30),23(17),26(4),28(15),32(18),33(41),37(32),43(6),44(15),48(51),49(44),50(42),51(7),53(23),55(20)
47. 5(45),6(55),7(16),10(47),11(19),14(36),15(45),16(34),18(33),19(16),21(34),22(7),26(3),27(7),29(47),34(18),36(22),37(34),39(18),43(3),46(55),51(43),52(47)
48. 2(35),9(52),13(12),14(2),17(7),19(24),26(8),30(3),34(1),38(47),45(52),46(38),47(2),48(20),49(5),51(9),52(35),55(11)
49. 8(48),10(45),11(43),14(19),16(5),18(32),25(18),29(41),32(55),33(20),34(49),36(48),41(16),44(55),47(48),49(52)
50. 2(25),3(39),5(15),11(17),14(35),15(34),16(54),21(55),27(21),30(27),31(10),32(30),35(40),43(32),44(7),48(7),51(5)
51. 2(17),3(38),5(7),6(44),12(19),13(31),15(31),16(15),20(27),22(11),23(33),33(7),38(33),39(26),40(53),44(24),55(42)
52. 1(4),2(51),7(18),11(6),13(22),16(34),18(4),19(16),23(37),31(6),32(34),36(38),40(28),43(4),44(30),46(53),49(44),53(24)
53. 7(23),13(27),14(12),16(7),17(45),22(8),34(53),35(53),36(46),42(53),43(26),45(18),51(26),52(12),54(42)
54. 1(23),4(55),7(24),9(5),14(48),20(29),28(11),33(9),34(4),41(13),44(29),45(1),49(30),50(16),54(9)
55. 1(11),7(32),10(8),11(18),12(18),14(6),16(45),18(53),22(44),23(39),25(51),26(18),27(45),30(25),31(51),33(7),36(10),38(48),40(51),41(55),42(46),46(13),51(26)
