S:15,D:43
1. 1(5),3(10),6(16),9(28),12(38),13(2),18(53),20(31),23(34),26(12),28(10),30(51),31(6),34(54),36(34),44(3),46(46),55(16)
2. 3(31),4(22),10(54),13(31),14(15),19(2),26(26),27(17),32(40),33(29),36(45),46(3),54(34)
3. 1(35),7(9),13(12),17(35),20(20),28(45),33(7),37(23),43(34),45(43),46(40),51(42),53(47)
4. 5(24),8(20),13(29),16(48),17(20),19(34),33(27),40(38),44(51),47(4),50(54)
5. 2(15),4(13),6(6),7(43),10(39),23(52),26(7),31(31),32(35),35(19),39(50),43(9),49(40),53(55)
6. 2(3),6(37),17(55),19(17),23(32),24(43),29(24),32(45),37(33),38(10),39(44),42(7),45(19),50(55),52(14),53(27)
7. 11(27),12(26),13(47),14(26),18(11),19(40),22(12),24(49),28(48),29(47),34(49),37(52),38(20),43(8),45(34),52(38)
8. 2(47),6(26),7(42),8(12),9(32),14(51),17(7),20(2),22(51),24(54),25(40),27(25),31(10),38(15),41(23),42(3),44(20),45(54),53(4),55(10)
9. 6(5),10(31),19(30),25(42),31(51),40(26),47(20),48(37)
10. 1(46),2(17),20(42),23(40),24(7),30(27),31(34),35(49),37(5),48(35),50(31),51(21),54(13)
11. 2(25),6(12),7(41),13(38),14(32),17(52),24(55),25(7),29(53),33(33),34(35),38(17),42(32),43(38),51(34)
12. 1(49),3(34),13(21),14(47),15(36),18(34),19(35),22(43),31(29),37(32),39(25),46(25),48(37),50(25),53(24)
13. 4(3),5(16),10(52),24(39),27(11),32(13),36(13),42(48),51(29),52(32),53(8)
14. 1(48),6(32),12(13),13(41),16(14),20(1),22(34),30(38),32(23),34(13),42(5),44(28),48(6),49(15),53(19) mustpass
15. 3(28),10(51),14(21),17(41),18(18),19(6),24(15),25(42),27(46),28(30),30(20),36(26),46(19),47(48),51(53),52(14)
16. 2(25),8(4),9(29),13(30),19(30),20(26),23(43),31(40),33(42),34(8),39(17),41(9),44(39),45(30)
17. 10(8),16(53),25(42),29(16),30(8),31(7),36(15),47(20),48(35)
18. 9(44),10(4),12(34),20(49),24(6),25(9),27(29),31(31),39(44),45(35),55(22)
19. 3(6),4(41),7(42),11(32),15(37),21(2),23(12),30(1),33(53),35(17),41(42),45(13),50(37)
20. 2(24),3(12),4(22),9(16),12(39),13(42),22(44),30(20),35(26),37(42),43(14),47(2)
21. 1(17),12(32),13(31),15(33),20(49),22(54),23(3),29(16),30(39),35(33),40(45),41(5),46(4),48(1),51(27)
22. 3(23),11(15),22(37),23(39),25(31),28(21),30(1),34(53),39(36),40(35),42(3),48(16),50(10),53(52),54(9)
23. 2(36),11(34),13(41),14(29),18(12),19(15),20(29),23(16),24(50),26(10),27(7),29(50),38(29),43(19),46(3),48(6),50(39)
24. 1(7),2(21),4(18),10(47),16(10),22(51),30(18),34(43),36(29),47(47),52(3),53(1)
25. 1(21),3(10),6(39),7(21),11(15),12(25),13(14),16(26),17(53),18(1),24(19),29(30),31(27),35(38),41(31),49(16),53(28) mustpass
26. 5(35),13(4),14(53),16(23),18(44),19(42),37(37),38(49),39(14),42(44),43(30),55(41)
27. 12(24),14(11),18(18),19(48),23(32),24(52),27(14),28(24),32(16),36(2)
28. 6(33),9(16),18(28),19(10),24(1),31(50),32(18),33(48),38(26),39(25),40(49),41(47),42(38),46(31),52(14),53(40),55(35)
29. 5(29),9(31),10(20),13(28),17(22),18(38),21(20),25(2),26(10),30(17),43(45),45(29),46(52),47(35),53(54),54(26)
30. 3(12),4(1),7(41),12(14),15(42),21(40),23(3),24(47),30(27),42(48),51(37),52(16)
31. 2(23),3(13),8(12),12(43),15(19),20(51),26(19),35(33),43(32),46(41),49(32),52(35),53(47),55(38)
32. 4(16),10(16),12(50),15(15),18(12),19(3),23(9),24(43),28(11),33(5),38(7),42(54) mustpass
33. 1(35),5(7),11(23),12(25),13(17),17(13),22(8),23(48),24(18),26(12),30(33),32(11),34(51),35(17),37(34),39(26),46(49),53(43)
34. 1(51),6(1),9(39),11(1),12(44),13(38),15(20),18(18),23(43),28(30),44(25),50(31),53(19),55(11)
35. 2(42),4(2),6(15),11(24),15(19),21(12),26(52),32(41),37(51),42(1),51(30)
36. 11(33),12(5),23(11),34(31),36(38),37(37),38(42),42(4),48(36)
37. 1(44),11(26),12(28),17(35),25(49),28(54),29(26),30(4),31(10),32(2),45(47),46(34),55(2)
38. 6(10),9(13),13(32),15(19),22(36),25(29),26(20),39(37),43(43),50(22)
39. 1(26),5(52),10(38),14(15),16(25),27(50),28(23),30(40),32(8),37(37),42(48),45(19),54(39)
40. 1(40),2(43),3(26),5(29),8(28),9(37),16(41),18(31),20(10),22(11),26(13),27(54),28(54),31(55),36(17),37(13),39(35),48(18),50(19),51(52),52(6),55(34)
41. 1(20),7(9),12(11),19(50),26(22),33(47),39(2),43(40),52(27)
42. 3(22),4(53),5(49),8(24),10(33),21(24),26(32),27(28),28(47),31(49),33(41),36(38),40(11),42(16),43(5),45(49),49(7),51(34),55(2)
43. 4(54),7(42),9(49),10(3),13(46),17(13),28(49),36(18),41(44),42(8),52(39),53(7)
44. 5(9),13(54),14(50),20(55),21(34),22(30),25(10),29(53),34(53),36(32),44(38),46(28)
45. 1(2),3(21),8(1),11(20),12(3),14(41),19(37),21(20),27(53),34(47),39(44),40(35),42(1),49(48),52(36)
46. 3(41),5(21),10(18),11(46),16(40),17(14),25(10),26(25),27(48),34(22),43(24),51(8),52(11)
47. 4(50),5(6),16(46),17(18),18(48),24(11),30(14),32(51),45(23),47(24),50(15)
48. 1(42),4(29),5(30),11(12),12(15),27(35),30(10),31(35),32(32),36(12),38(48),52(35) mustpass
49. 8(38),10(32),18(17),21(53),27(18),28(51),29(9),30(39),36(1),47(3),53(53),55(53) mustpass
50. 5(48),14(53),15(36),16(12),17(11),20(45),27(41),28(8),34(45),37(31),45(26),49(45),52(18),53(30)
51. 6(30),9(51),16(1),17(13),23(36),27(28),33(26),40(38),42(24),50(24),51(45),55(29)
52. 4(24),8(51),10(23),13(3),16(44),22(12),23(29),25(21),26(33),28(11),30(21),31(36),36(10),38(11),40(14),41(41)
53. 4(24),5(50),6(18),13(55),14(2),22(32),26(16),37(2),44(29),47(18),51(3),52(8),53(28),55(18)
54. 1(42),7(44),14(45),15(33),31(3),36(53),39(30),41(51),42(41),50(7),51(19),52(20),53(37),54(6),55(40)
55. 10(14),12(42),13(34),16(32),22(53),24(11),25(49),31(55),32(28),47(51),49(38),51(50)
